36481
36482
36551
36553
36622
36484
36623
36624
36625
36686
36687
36688
36689
36485
36626
36627
36566
36654
36354
36355
36356
36544
36545
36596
36597
36598
36600
36768
36487
36769
36770
36692
36749
36750
36751
36490
36853
36774
36752
36753
36754
36854
36815
36816
36817
36757
36758
36759
36446
36855
36775
36776
36762
36763
36764
36467
36468
36491
36469
36471
36765
36470
36492
36472
36473
36780
36540
36541
36542
36543
36648
36586
36587
36824
36825
36867
36866
36701
36869
36868
36828
36703
36829
36704
36706
36730
36845
36790
36789
36861
36860
36714
36791
36793
36794
36846
36742
36932
36933
36715
36716
36847
36848
36850
36719
36989
36894
36993
37097
37038
37100
37012
37014
37050
37063
37064
37065
37028
37737
37738
37739
36979
37070
37030
37740
37317
36981
37086
37060
37058
37059
37299
37743
37076
37078
37081
37079
37080
37247
37082
37748
37747
37609
37264
37265
37267
37328
37329
37476
37477
37475
37478
37255
37256
37479
37555
37330
37461
37754
37425
37376
37182
37663
37664
37665
37666
37667
37668
37669
37312
37599
37686
37687
37688
37803
37804
37805
37806
37807
38162
37809
37810
37811
37812
37813
37815
37816
37817
37814
37982
37848
37853
38231
38234
38230
38233
38232
37852
37857
38239
38240
37858
37859
38246
38995
38247
38248
38249
38250
38132
38131
37792
37788
37790
37791
38133
37796
37795
37794
37931
37941
38095
38099
38096
38018
38097
38161
38074
38075
38076
38538
38077
38660
38166
39031
38168
38529
38530
38531
38532
39105
38410
38411
38461
38460
38422
38423
39023
39262
39263
38986
40336
40338
40339
40340
39346
39553
40341
40344
39557
39351
39556
39560
39559
39356
39835
39838
39837
39839
39840
39841
39842
40047
40048
39521
39520
40052
39977
40461
40931
40930
39698
39702
39700
39703
39797
40345
40256
40257
40258
40442
40443
40444
40446
40349
40259
40445
40138
40137
40139
40140
40264
40267
40269
40365
40367
40145
40594
40595
40459
40639
40640
40832
40796
40996
40997
40994
40995
40969
41440
41009
41271
41053
41314
41444
41529
41571
41713
41613
41831
41832
41833
41835
41836
42004
41838
41899
42011
41980
42103
42084
42085
41964
41965
42086
42093
42094
42087
42162
42092
42165
42142
42061
42063
42197
42199
42143
42145
42146
42042
42201
42203
42147
42149
42043
42041
42044
42205
42206
42207
42208
42209
42210
42277
42283
42284
42125
42287
42286
42288
42137
42139
42140
42181
42182
42183
42185
42188
42221
42223
42187
42190
42226
42243
42241
42239
42230
42242
42231
42232
42233
42234
42191
42192
42195
42249
42651
42250
42269
42422
42372
42373
42327
42328
42329
42330
42331
42397
42539
42540
42625
42628
42629
42308
42334
42413
42379
42326
42556
42371
42381
42356
42357
42660
42557
42337
42746
42745
42358
42359
42743
42744
42747
42664
42759
42878
42665
42876
42879
42880
42881
42666
42667
42883
42884
42885
42670
42671
42672
42520
42521
42463
42891
42465
42466
42467
42893
42468
42470
42574
42575
42896
42576
42577
42898
42532
42533
42478
42778
42779
42780
42781
42782
42586
42795
42687
42547
42796
42797
42798
42799
42548
42549
42803
42804
42806
42802
42550
42809
42619
42736
42551
42531
42636
42637
42656
42865
42866
42868
42869
42697
42698
42699
42700
42702
42703
42793
42985
43505
42821
42991
43506
43507
43509
42823
42997
43511
42826
42827
43514
43513
42853
42854
42855
42856
42857
43291
43054
43000
43001
43002
42972
43028
43007
44280
43271
43270
43113
43268
43338
43272
43602
43601
43394
43395
43590
43591
43398
43575
43572
43592
43608
44565
44566
43609
43595
43597
43846
43621
43620
43623
43622
43563
43446
43445
43625
43564
43565
43635
43447
43765
43713
43729
43717
43720
43534
43533
43953
43958
43985
43796
43757
43758
44394
43755
43756
43747
43840
43748
44151
43858
43859
43861
43862
44152
44153
43819
43799
43800
43944
43863
44287
44288
44032
44067
44003
44011
43894
43895
44328
44225
44261
44266
44154
44155
44168
44171
43948
44158
44214
44188
44296
44330
44331
44217
44354
44363
44369
44365
44706
45094
44490
44491
44492
44493
45380
45379
44627
45382
44812
44813
45381
45383
45384
45186
44819
46029
46038
46037
46039
46035
45267
45835
45725
45729
46023
45791
45792
46934
46960
46364
46365
46366
46368
46285
46286
46306
46307
46308
46377
46378
46379
46450
46479
46480
46481
46391
48165
48166
47058
46486
47066
46599
46600
46876
46877
46900
46901
46940
47558
47561
47801
47105
47701
47963
48151
48152
47666
47668
47667
47821
48082
48477
48219
48693
48407
48408
48516
48860
48862
48863
48861
48889
48890
48809
48714
48715
48893
48947
48953
48865
48864
48870
48799
49094
48936
49355
49113
49099
49111
49356
48886
49116
49115
49102
49248
49213
49214
49312
49219
49222
49501
49402
49456
49506
49508
49510
49511
49469
49349
49461
49464
49466
49474
49465
49467
49604
49607
49476
49477
49608
49609
49408
49425
49524
49525
49526
49533
49536
49535
49534
49758
49760
49761
49762
49763
49734
49793
49729
49794
49776
49777
49732
49778
49779
49780
49733
49781
49782
49783
49784
49785
49704
49786
49787
49659
49789
49791
49897
49898
49899
49900
49901
49918
49919
49920
49921
49866
49868
49869
49871
49873
49800
49973
49974
49874
49875
49876
49877
49803
49934
49935
49975
49938
49940
49854
49855
49976
50166
50011
49941
49865
49977
50014
49952
49953
49887
50024
50025
50026
49954
49955
49889
50027
49888
49979
49893
49980
49894
49895
49983
49904
49905
49906
49907
49962
49958
49959
49963
49964
49957
49961
49965
49966
49967
50075
50076
49942
49944
49945
49989
49986
49987
49992
49994
49997
50000
50676
50677
50678
50001
50002
50003
50202
50681
50004
50005
49971
50203
50208
50211
50212
50371
50372
50373
50214
50043
50008
50009
50374
50045
50046
50222
50223
50224
50064
50432
50434
50065
50391
50392
50130
50247
50394
50395
50134
50157
50396
50397
50398
50158
50304
50228
50229
50330
50231
50494
50181
50234
50185
50309
50188
50311
50315
50257
50266
50302
50303
50220
50265
50418
50419
50331
50333
50613
50614
50615
50521
50590
50564
50484
50640
50660
50659
50720
50844
50792
50713
50714
50724
50793
50980
50856
50857
50906
51138
51461
51024
51014
51013
51016
51464
51018
51390
51393
51325
51180
51186
51236
51439
52087
52092
51562
51565
52296
51563
51566
51530
51569
51618
51619
52122
52141
52243
52308
52350
51778
51781
52940
52939
52829
52969
52749
52989
52992
52993
53221
53126
53131
53158
52774
52775
53162
53163
53164
53165
53166
53167
53169
53170
53351
53359
53568
53736
53579
53527
53738
53580
53581
53740
53741
53739
53744
54417
53745
53746
54133
54148
54293
54149
54150
54151
54299
54065
54066
53956
53957
54955
54963
54968
54971
54330
54029
54943
54534
54535
54947
54540
54537
54539
54538
54857
54859
54896
54897
54898
54620
54619
55222
55016
55385
54992
54993
55000
55005
55365
55240
55060
55059
55407
55414
55316
55643
56243
55544
55545
56042
56062
56247
56135
56137
56143
56144
56145
55866
55622
55871
56014
56016
56017
56018
55997
56019
56020
56022
55836
55837
55840
55841
55842
56064
56065
56066
56437
56438
56091
56439
56094
56392
56394
56396
56399
56400
56317
56417
56420
56451
56360
56359
56341
56362
56652
56512
56524
56580
56655
56516
56517
56581
56518
56584
56585
56586
56660
56587
56661
56533
56534
56537
56679
56680
56681
56683
56682
56684
56648
56649
56688
56820
56821
56822
56823
56858
56860
56885
56886
56887
56888
56849
56937
56938
56826
56827
56850
56852
56869
56870
56871
56872
56828
56845
57007
56830
56831
57011
56903
56894
56896
56846
56847
57013
56897
56898
56995
56957
56963
56965
57103
57104
57105
57106
57107
56964
56960
56961
57014
56959
56968
56969
56985
57109
57188
57189
57190
57017
57018
56970
56929
56972
56973
56930
57034
57113
57114
57115
57117
57118
56936
56951
56952
57036
57037
57116
57146
56953
57273
57132
57065
57218
57219
57159
57285
57019
57220
57162
57020
57021
57226
57163
57164
57165
57024
57225
57182
57079
57087
57082
57296
57241
57243
57244
57245
57294
57295
57089
57327
57288
57305
57306
57332
57333
57368
57387
57388
57389
57392
57822
57823
57824
57831
57472
57473
57477
57564
57496
57497
57755
57660
57783
57665
57761
57762
57765
57668
57669
57766
57767
57768
57771
57773
57775
57776
57777
57670
57779
57800
57801
57803
57781
58384
57804
57925
57926
57927
57798
57805
57809
57963
57964
57967
57965
57966
57969
57973
58389
58044
58057
58046
57917
57956
58072
57957
58174
58073
58331
58330
58164
58165
58168
58004
58033
58051
58052
58297
58294
58293
58298
58268
58917
58916
58376
58378
58386
58387
58456
58854
58853
58548
58559
58891
58901
58902
58903
58929
58930
58932
58934
59157
59061
59210
59214
59217
59304
59307
59230
59231
59442
59443
59460
59464
59485
59465
59468
59563
59564
59525
59566
59899
59543
60101
59847
59833
60106
60107
59841
59985
59858
59859
59883
60347
59935
60028
60117
60222
60168
60236
60420
60423
60697
60848
60847
60812
60850
60849
60824
60825
60836
60953
60839
60868
60867
60870
60869
60871
60837
60838
60821
60822
60861
61052
60885
61031
61032
60935
60937
60938
60939
60940
61123
61125
61130
61132
61149
61162
61192
61193
61409
61416
61202
61201
61419
61420
61418
61442
61440
61443
61446
61434
61569
61567
61568
61570
61572
61573
61574
61575
61579
61508
61553
61580
61581
61582
61536
61539
61537
61538
61540
61542
61541
61605
61606
61679
61684
61768
61767
61769
61775
61776
61801
61798
61841
61830
61829
61828
61840
61843
61845
61821
61832
61844
61847
61831
61835
61838
61836
61837
61839
61856
61854
61855
61875
61874
61857
61889
61888
61976
61977
61978
61979
61932
61931
61903
61952
61907
61908
61933
61934
61936
61937
61918
61909
61911
61912
61913
61964
61940
61920
61941
61938
61923
61924
61926
61992
61928
61995
61996
62025
62026
62028
62094
62095
61954
61955
61997
61930
62029
62096
62015
62016
62017
61987
62002
62001
62036
62037
62019
62020
62021
62022
62007
62004
62006
62003
62005
62043
62044
62045
62046
62040
62057
62049
62048
62050
62051
62041
62058
62063
62059
62062
62060
62061
62072
62073
62074
62068
62066
62065
62069
62070
62071
62078
62083
62133
62167
62169
62125
62176
62175
62203
62180
62182
62183
62186
62187
62240
62188
62215
62217
62197
62224
62280
62306
62285
62318
62320
62321
62383
62384
62319
62324
62315
62365
62363
62366
62429
62368
62393
62396
62430
62454
62419
62496
62482
62484
62461
62505
62507
62506
62509
62536
62508
62512
62511
62542
62521
62510
62524
62523
62522
62526
62525
62561
62562
62617
62587
62586
62588
62635
62634
62636
62640
62669
62666
62738
62755
63025
63026
62855
62858
62862
62863
62864
63076
63077
62932
62988
62989
63002
62980
63014
63011
63116
63073
63074
63018
63248
63021
63075
63019
63281
63280
63282
63431
63437
63438
63551
63552
63575
64067
64068
63731
63735
63862
63970
63868
63870
64140
64147
64116
64186
64185
64152
64153
64191
64190
64192
64281
64297
64456
64457
64686
64689
64494
64701
64702
64498
64502
64737
64544
64738
64773
64772
64789
64889
64911
64910
65156
65157
65202
65203
65291
65292
65294
65257
65258
65146
65147
65296
65298
65337
65340
65339
65384
65508
65509
65468
65469
65431
65668
65510
65511
65432
65536
65539
65538
65547
65697
65698
65699
66230
65725
66236
65803
65804
65805
65806
65741
65740
65807
65808
66303
66200
66109
66256
66127
66421
66425
66408
66729
66728
66727
66730
66732
66811
66738
66739
66815
66816
66740
66818
66721
66820
66907
66913
67010
66968
67077
67078
67109
67110
67111
67128
67147
67151
67157
67159
67160
67158
67167
67173
67208
67290
67307
67222
67293
67360
67363
67535
67439
67463
67618
67619
67603
67591
67592
67595
67626
67627
67600
67653
67687
67710
67748
67771
67732
67734
67735
67736
67737
67794
67795
67842
67827
67826
67813
67852
67809
67817
67895
67934
67936
67980
67944
67945
67982
67983
67948
67953
67952
68005
67989
67972
68047
67973
67990
67991
67975
68048
68051
68015
67977
67979
68034
68018
68004
68021
68022
68061
68082
68071
68065
68072
68073
68074
68075
68076
68077
68078
68079
68080
68096
68122
68118
68131
68132
68140
68141
68134
68135
68324
68146
68180
68149
68234
68152
68181
68237
68328
68225
68330
68332
68333
68265
68266
68267
68254
68271
68272
68256
68277
68276
68356
68259
68360
68361
68362
68363
68364
68315
68402
68385
68403
68404
68394
68424
68537
68547
68540
68661
68660
68726
68727
68732
68800
68799
68828
68803
68802
68873
69039
69041
69042
69051
69047
69052
69050
69049
69046
69053
69054
69065
69239
69240
69241
69224
69242
69243
69145
69146
69404
69384
69385
69280
69281
69233
69491
69283
69282
69386
69335
69336
69337
69338
69339
69341
69340
69342
69344
69345
70376
69374
69505
69529
69731
69688
69666
69751
69697
69664
69663
69951
69795
69793
69798
69797
69954
69890
69801
69930
69892
69804
69960
69924
70077
70078
70079
70044
70105
70080
70081
70082
70086
70392
70277
70391
70113
70242
70087
70141
70089
70395
70403
70162
70292
70405
70294
70232
70236
70441
70306
70309
70331
70456
70537
70539
70541
70911
70914
70694
70708
70746
70725
70986
70987
70792
70992
70874
70876
70922
70930
71096
71047
71046
71250
71218
71265
71263
71195
71303
71293
71276
71304
71332
71334
71314
71424
71585
71444
71537
71445
71567
71658
71574
72047
71805
72067
71995
71994
72072
72148
72149
72151
72153
72155
72221
72270
72271
72383
72384
72389
72368
72461
72438
72465
72443
72468
72604
72637
72636
72641
72662
72869
72846
72779
72845
72860
72922
73095
72994
73025
73150
73151
73167
73168
73286
73171
73332
73336
73335
73509
73468
73469
73578
73471
73657
73658
73667
73666
73668
73669
73637
73705
73704
73709
73905
73753
73698
73906
73754
73869
73899
73897
73898
73777
73778
73902
73923
73924
73922
73889
73926
73980
74034
74037
74097
74047
74077
74078
74117
74041
74079
74059
74082
74085
74142
74153
74157
74185
74186
74151
74179
74268
74209
74210
74211
74260
74228
74293
74298
74304
74313
74306
74308
74362
74427
74443
74444
74445
74446
74431
74468
74470
74471
74469
74472
74423
74461
74474
74495
74579
74587
74538
74540
74543
74525
74549
74544
74526
74556
74564
74567
74546
74547
74605
74607
74610
74597
74629
74693
74692
74691
74599
74653
74694
74649
74601
74654
74708
74651
74634
74658
74659
74709
74713
74700
74782
74783
74730
74729
74786
74732
74858
74760
74833
74764
74822
74823
74804
74791
74805
74840
74795
74810
74816
74817
74874
74875
74827
74972
74918
74954
74908
74974
74975
74906
74910
74913
74914
74926
74976
74907
74927
74928
74915
74916
74982
74983
74989
75018
75007
75001
75000
74997
75003
75028
75058
75132
75057
75098
75099
75100
75101
75086
75087
75145
75071
75105
75078
75144
75148
75147
75065
75064
75106
75107
75108
75110
75111
75091
75146
75150
75112
75113
75154
75155
75177
75165
75213
75196
75197
75252
75219
75282
75223
75224
75253
75227
75241
75242
75232
75233
75230
75229
75226
75228
75244
75243
75235
75271
75250
75239
75261
75433
75260
75405
75348
75350
75460
75361
75335
75447
75466
75467
75709
75448
75713
75449
75451
75572
75573
75427
75575
75457
75580
75579
75538
75501
75547
75689
75628
75656
75882
75883
75890
75933
75892
75906
75905
75907
75895
75786
75938
75863
75855
75847
75848
75973
76008
76009
76075
76127
76128
76132
76133
76188
76176
76189
76053
76246
76072
76248
76249
76466
76252
76705
76318
76320
76490
76479
76343
76323
76324
76491
76405
76333
76368
76519
76520
76372
76525
76526
76512
76634
76638
76627
76628
76945
76808
76811
76882
76906
76907
76908
76909
76866
76910
76911
76849
76998
77001
77004
77234
77766
77767
77768
77769
77353
77162
77112
77164
77165
77770
77771
77773
77301
77466
77467
77468
77469
77246
77308
77470
77471
77472
77473
77319
77668
77496
77497
77498
77776
77499
77501
77602
77603
77790
77840
77920
77921
77968
77969
78042
78145
78149
78139
78239
78481
78491
78347
78492
78542
78540
78600
78493
78578
78534
78671
78693
78692
78804
78819
78753
78750
78946
78934
79032
78995
78997
78998
79188
79145
79394
79397
79294
79400
79402
79430
79434
79347
79355
79356
79357
79485
79486
79489
79490
79492
79493
79494
79496
79497
79521
79567
79568
79570
79772
79617
79710
79711
79714
79717
79897
79718
79719
79780
79787
79788
79745
79962
79793
79902
79850
79851
79967
79978
79979
79980
79886
79907
79983
79931
80052
80053
80336
80101
80297
80124
80211
80343
80102
80449
80456
80352
80250
80193
80192
80311
80458
80310
80457
80459
80344
80382
80383
80395
80396
80386
80399
80471
80481
80507
80508
80510
80564
80563
80667
80668
80509
80654
80515
80540
80615
80566
80669
80619
80565
80658
80661
80620
80659
80660
80519
80525
80523
80545
80773
80717
80716
80732
80731
80777
80776
80778
80780
80734
80782
80817
80820
80821
80828
81087
80830
80840
80899
80875
80900
80901
80888
80902
80873
80903
80934
80933
80908
80906
80907
80909
80953
80941
80923
80957
81198
81159
81201
80971
80972
81202
81206
81055
81024
81036
80987
80989
81207
81037
81038
81068
81041
81126
81104
81166
81227
81231
81233
81235
81218
81239
81244
81221
81237
81238
81241
81240
81242
81273
81266
81275
81276
81265
81281
81282
81283
81285
81267
81268
81310
81309
81346
81318
81317
81360
81440
81348
81320
81321
81322
81361
81363
81441
81292
81402
81511
81405
81505
81510
81509
81513
81392
81614
81612
81615
81548
81462
81565
81564
81641
81567
81539
81540
81566
81495
81544
81629
81591
81630
81631
81545
81647
81648
81632
81650
81679
81668
81669
81660
81690
81691
81729
81731
81706
81686
81687
81688
81689
81692
81693
81694
81695
81696
81741
81738
81740
81716
81726
81727
81742
81743
81744
81862
81815
81937
81869
81816
81843
81946
81945
81944
81858
81846
81847
81876
81929
81950
82157
82527
82080
82079
82316
82413
82414
82232
82317
82320
82223
82221
82734
82697
82738
82796
82797
82798
82799
82802
82803
83032
83043
83042
83044
83039
82902
83047
83048
83041
82951
83052
82906
82904
82821
83051
83050
83419
83058
83059
83484
83230
83418
83056
82911
82912
82850
82959
82958
83486
83487
83065
83063
83489
83303
83488
83596
83069
83067
83071
83070
83068
83492
83493
83383
83186
83601
83110
83605
83604
83603
83606
83149
83113
83112
83154
83119
83608
83319
83320
83192
83321
83104
83234
83196
83106
83877
83327
83328
83329
83942
83943
83945
83701
83704
83947
83948
83949
83950
83951
83739
83954
83953
83569
83745
83744
83525
83806
83811
83572
83747
84242
84239
84241
83511
83812
83813
84245
84247
83732
84217
84219
84220
84221
84223
84010
84225
84226
84227
84224
83914
83916
84016
84096
83915
83858
84073
83922
83921
83919
84061
84098
84099
84021
84076
83923
84101
84195
84196
84199
84001
84002
84102
84104
84058
84079
84106
84050
84049
84350
84385
84387
84386
84351
84320
84318
84354
84391
84390
84392
84360
84408
84416
84415
84414
84683
84684
84687
84501
84688
84502
84653
84689
84691
84754
84770
84726
84727
84698
85267
84772
84771
84700
84701
84702
84778
84779
84777
85191
85080
85079
85081
85329
85196
85331
85337
84927
85214
85101
85103
85102
85037
85615
85617
85654
85593
85718
85597
85720
85719
85721
85725
85695
85696
85818
85820
85821
85923
86038
85925
86061
85917
86586
86587
86588
86358
86417
86577
86917
87691
87382
88018
87801
87882
87883
87885
88267
87928
87933
87934
88051
88179
88099
88146
88147
88182
88185
88292
88283
88284
88285
88289
88299
88288
88286
88287
88290
88291
88873
88872
88874
88542
88660
88881
88537
88586
88661
88639
88640
88641
88618
88651
88619
88587
88663
88686
88591
88643
88645
88594
88664
88604
88668
88670
88669
88737
88667
88738
88692
88690
88658
88693
88721
88861
88860
88862
88817
89084
88698
88752
88849
88776
88803
88883
88804
88865
88889
88822
88888
88887
88886
88891
88890
88806
88983
88807
88805
88867
88984
88982
88893
88894
88892
88854
88986
88985
89023
89022
88898
88902
88962
88901
88903
88989
89027
88990
88787
89030
88833
88995
88832
88991
88834
88835
88968
88996
89034
89628
89629
89186
89630
89631
88955
89005
89191
89129
89164
89054
89045
89056
89169
89168
89143
89142
89144
89010
89062
89640
89346
89200
89172
89199
89353
89150
89253
89354
89175
89359
89239
89214
89241
89240
89320
89318
89319
89338
89315
89314
89733
89323
89322
89321
89374
89472
89389
89388
89405
89455
89456
89454
89452
89453
89518
89522
89481
89480
89523
89521
89520
89519
89745
89457
89458
89746
89459
89446
89445
89527
89526
89528
89525
89431
89724
89748
89750
89532
89449
89450
89460
89515
89531
89661
89533
89516
89737
89738
89624
89620
89672
89683
89680
89679
89739
89685
89684
89702
89703
89752
89778
89881
89846
89845
89920
89946
89948
89936
89825
89937
89892
89891
89949
89895
89902
89820
89896
89939
89923
89951
89897
89952
89950
89899
89862
89859
89858
90009
90007
89992
89994
89993
90121
89998
90120
90050
90124
90030
90028
90123
90054
90149
90051
90093
90537
90423
90048
90237
90088
90425
90096
90538
90539
90228
90118
90091
90049
90167
90117
90058
90231
90267
90387
90270
90271
90274
90276
90277
90275
90272
90210
90278
90281
90280
90279
90213
91055
91054
90219
90283
91057
90295
90299
90349
90311
90310
90314
90352
90360
90443
90406
90533
90493
90484
90741
90785
90746
90798
90766
90750
90729
90748
90767
90728
90682
90730
90732
90769
90731
90737
90692
90992
91099
90820
91127
91249
90962
90948
90961
90947
91163
91258
91017
91105
91079
91080
91015
90906
90949
91081
91084
91960
91013
91087
91011
91125
91538
91460
91375
91465
91373
91523
91464
92189
91374
91376
91470
91471
91469
91394
91472
91475
91379
91476
91330
91377
91290
91528
91529
91325
92194
92192
91479
91478
91426
92003
92002
91530
92195
91583
91582
91964
91965
91963
91877
91876
91878
91641
91642
91752
91830
91792
91880
91967
91879
91881
91882
91943
91648
91649
91755
91884
91794
91886
91885
91796
91798
91704
91797
91872
91801
91799
91800
92006
91927
91929
91928
91930
93306
92420
92419
92421
93307
92141
93308
93309
92120
92121
92395
92397
93310
93311
92396
93312
92316
93315
92318
93314
92317
93313
92401
92281
92129
92319
92322
92321
92320
93316
92324
92597
92456
92455
92457
92297
92713
92674
92572
94046
94050
94048
94049
94047
92676
92603
93337
92605
93338
93339
92606
93340
94059
94058
92934
92654
92933
92932
92938
92936
92937
92655
92942
92798
92799
92800
92797
95569
92801
92802
95573
95571
95574
93300
93186
93191
94413
93759
93760
93803
93649
93658
93586
93764
93767
93765
93806
93932
93592
93930
94067
93846
93809
93935
93934
93956
94162
93688
93689
94542
94491
94878
94280
94279
94281
94079
94062
94080
94078
94882
94285
94286
94669
94672
94670
94671
94533
94938
94338
96954
95067
95346
94701
96147
95022
95089
95522
95075
95102
95103
95449
95450
95105
95107
95453
95451
95456
95975
96523
96522
95471
95477
95475
95478
99449
96183
96189
96188
96193
96190
96191
96192
96123
96196
96078
96178
96409
97118
97120
96689
96690
96696
97767
97771
97615
97614
97969
97968
96900
97616
97617
100317
97618
96996
97625
97624
98275
98276
98277
98278
98019
100441
101002
98595
97384
97424
98601
97889
98292
98297
98380
98591
99159
99160
98386
98636
98635
99165
98640
98639
98702
98541
98542
98707
99080
102206
98867
105423
102519
102523
102524
105426
102522
102521
102520
99256
102526
102525
99508
100044
105436
99549
99552
99553
100327
100495
100022
100396
101053
100404
100354
100356
101132
101083
100970
101318
101392
101283
101412
101393
101501
103080
103083
104413
104265
102894
102115
103125
103374
106233
101747
102507
102380
102054
102055
102059
102061
102383
102065
102064
102814
102068
102069
102071
102070
105447
102152
102708
102216
105999
102571
102577
102854
106586
107571
104893
107573
104291
104292
103610
103932
103886
104294
106171
103933
103934
103891
103890
103938
104298
103928
103930
107614
107616
104593
104592
104591
104349
104137
104595
104139
104594
104350
104596
107648
105489
105792
105794
105796
105797
105799
105182
105802
105800
104680
105805
105952
105950
105186
105953
105189
106372
106374
106255
105396
106375
106258
106263
105465
106075
105467
106359
106358
106415
106194
105929
106196
106862
105931
106087
106365
106868
106212
107944
106209
106236
105825
106214
105891
105908
107951
106218
106152
106154
106244
106579
106523
106566
106543
106542
107533
107957
107958
106874
106691
106849
107123
107054
106941
106940
106931
106605
106701
106597
106600
106879
106942
106932
106943
108086
106944
107225
107091
108041
107127
107889
107090
107031
107092
107093
107228
106886
108042
106769
107226
106859
107068
107094
107033
106906
107231
107241
106774
107240
106907
107623
107034
107065
107748
107243
107044
107750
107749
107242
107042
107895
107624
106985
107076
106984
106986
107753
107045
107785
106990
107001
106988
107752
107085
107782
106994
106993
107523
107787
107980
107117
107115
107118
107006
107255
106996
107758
107155
107148
107256
108103
108104
107182
107183
107631
108019
107185
107819
107184
107222
107188
107187
107186
107634
107190
107189
108110
107318
107767
107316
107333
107334
107768
107770
107335
107555
107393
107395
107396
107426
107562
107427
107800
107428
107802
107803
107595
107452
107850
107866
107704
107594
107805
107806
108061
107804
107807
107808
107859
107601
108264
107604
107709
107811
107854
107605
107742
108271
108272
108270
108274
107912
107913
107743
107915
107970
107922
107936
108024
108352
108164
108029
108289
108026
108027
108287
108286
108157
108156
108130
108146
108131
108129
108036
108361
108039
108038
108186
108192
108188
108191
108187
108248
108193
108190
108189
108194
108343
108362
108199
108345
108346
108344
108201
108200
108278
108202
108350
108451
108452
108438
108412
108396
108440
108439
108389
108441
108384
108385
108569
108392
108413
108568
108393
108390
108444
108402
108391
109104
108424
108431
109149
108509
108465
108571
109151
109152
108467
108469
108602
108604
108605
108603
108609
108610
108892
108608
108607
108664
108695
108584
109202
108606
108638
108617
108697
108696
108699
108668
108698
108585
108612
108611
108893
108702
108700
108656
108619
108618
108679
108977
108671
108669
108670
108633
108728
108672
108979
108980
108660
108899
108901
108900
108770
108769
109657
108768
108767
108808
108865
108818
108905
108741
108807
108988
108805
108806
108753
108754
108775
108772
108771
108773
108774
108777
108779
108776
108910
108764
108778
108954
108952
108992
109632
109633
108953
108866
108819
109637
108828
108783
108781
108782
108784
108780
108831
108872
108873
108871
108785
108786
108836
108875
108999
108845
108838
108848
108941
109598
109599
109601
109602
109040
109001
109003
111013
111017
111018
111016
109036
109019
109033
111015
109983
109610
109979
109982
109208
109073
109099
109207
109981
109980
109070
109210
109048
109047
109074
109054
109053
110009
109259
109260
109173
109969
109263
109965
109107
115919
109971
110174
109108
109094
109158
109967
109970
109298
111022
109232
109230
109229
111023
110172
109275
109285
110531
110532
109281
109328
109286
109340
109327
110536
110263
109383
109915
109907
109434
109976
110509
109908
109408
109406
109978
109687
109686
109438
109475
109523
109940
110548
109650
109539
109542
109660
110549
110551
109653
109570
109923
110547
109569
110546
109497
111006
109663
109643
109642
113458
113459
113475
109759
109791
110457
113470
109760
109753
109896
110503
110506
109894
109733
109892
110502
110504
110508
111321
109803
109783
110499
109804
109806
111328
109807
109805
110452
111320
110217
110446
110055
110153
110157
111792
110137
110559
110560
110562
110750
110857
111788
110207
110751
110140
110138
110558
111124
111794
111122
110383
111789
110527
110520
110479
113555
110516
110515
110528
111303
111298
110764
110565
110566
110482
110564
110567
110519
110517
110765
111899
110521
111299
110570
111305
110724
110568
110769
110522
110684
110838
110686
110836
110805
110800
110810
110846
110867
110760
110870
112073
110872
110868
111291
111287
111284
110892
110866
111057
111265
111623
111168
111256
110929
111260
111801
111800
113869
111465
115106
111459
111469
111336
111246
111224
111672
111691
111249
111472
111250
111671
115103
115105
115111
111694
111667
111696
111663
111732
111721
115194
112464
112091
111759
112087
111881
111882
111761
113881
112030
115189
111896
111895
111893
111894
111980
112089
115192
111898
111897
111981
112929
112926
112931
112211
112915
113847
112287
112920
112348
112310
112347
112304
112346
112353
112354
112445
112514
112513
112355
112480
112949
115938
114177
112956
112953
112945
114176
114174
114173
113234
114172
114169
112783
112788
112790
112795
112792
112793
112794
114411
114122
114412
113045
113048
113282
114019
113710
113709
113783
113708
114033
114034
114436
116148
116146
115971
115307
114440
116150
114434
114435
116144
114600
114654
114891
114655
114657
115973
114493
114610
114901
115554
115342
114996
115238
114997
114995
115731
115246
114816
115431
115410
115412
115707
116005
116006
116128
116522
116521
116422
116526
116525
116524
117688
116420
116528
117690
120806
116700
116588
116589
116561
116974
116973
116594
116595
117792
117052
117053
117294
117107
118037
117678
117400
118159
118162
118167
118168
118166
119180
118171
118765
117848
118543
118549
118101
118546
118552
120427
119150
119054
119042
118633
118621
118790
118812
118807
119151
119152
118815
118834
119526
119517
122192
119247
120223
119858
119856
119967
120470
121085
121080
121515
120322
121358
121357
121359
121445
121363
121362
121048
121049
121123
121051
122151
120584
122149
122148
122156
121819
121820
121818
121821
121823
121822
121591
121594
122257
121268
121428
123024
121694
121640
121950
123025
122267
123481
121676
121669
121692
122105
121691
122327
122276
123363
122279
122522
122908
122758
122762
122907
125786
124219
123542
123405
125796
125797
123778
123704
124764
124760
124767
124770
124710
124007
124607
124608
124559
124847
124928
124568
125505
124924
124841
125164
125163
125280
125176
125161
125855
125177
125114
125399
127053
125740
125515
125480
125534
125745
126023
127284
126133
126071
126134
126543
126546
126138
126337
126139
126261
126262
126198
126652
126333
126575
126554
126454
126464
126690
126465
126669
126675
126663
126495
126680
126705
126497
126756
126978
127131
126999
127139
127185
127117
127005
127127
127119
127193
127199
127192
126995
127306
127308
127307
127312
127369
127368
127387
127313
127371
127751
127388
127389
127391
127332
127380
127310
127526
127464
127346
127490
127386
127614
127492
127551
127594
127648
127668
127868
128019
128500
128499
128498
128020
127686
127929
127687
128504
127800
127808
127799
127855
127809
127884
127883
128122
128536
128123
127880
127882
127881
128121
128125
127864
127900
128124
127899
128543
127891
127890
128708
128710
128709
128004
128141
128140
128144
128138
128145
128143
128137
128139
128317
128316
128727
127964
128146
128322
128151
128076
128001
128149
128150
128321
128732
128073
128320
128147
128148
128153
128152
128081
128735
128077
128109
128078
128154
128736
128085
128089
128332
128086
128091
128088
128090
128087
128751
128092
128037
128095
128093
128094
128097
128336
128096
128065
128335
128248
128186
128338
128337
128028
128250
128339
128187
128189
128188
129106
128224
128223
128341
128340
128220
128221
128222
128252
128190
128191
128760
128254
128062
128225
128227
129107
129108
129109
128255
128256
128257
128267
128397
128236
128238
128268
128273
128239
128243
128386
128242
128162
128245
128388
128387
128393
128302
128392
128308
128395
128305
128355
128325
128878
128877
128875
128871
128872
128873
128874
128466
128876
128328
128883
128881
128592
128879
128880
128885
128884
128882
128887
128886
128588
128363
128589
128460
128890
128362
128600
128889
128361
128595
128594
128891
128888
128771
128601
128527
128781
128505
128625
128564
128565
128563
128562
128566
128567
128635
128568
128572
128569
128634
128533
128763
128573
128557
128556
128574
128804
128577
128576
128582
128782
128559
128765
128783
128581
128606
128823
128578
128580
128579
128610
128832
128785
128607
128831
128653
128784
128609
128806
128608
128611
128808
128807
128724
128723
128835
128834
128787
128833
128796
128809
128811
128810
128786
128768
128766
128767
128769
129125
128949
128950
128960
128956
128955
128951
128953
128957
128954
128952
129130
129127
128899
128963
128964
128962
128995
128997
128931
129138
128970
129072
128948
129063
129414
129067
129068
129066
129080
129037
129208
129218
129081
129070
129038
129039
129054
129222
129211
129089
129209
129094
129220
129214
129212
129213
129420
129277
129095
129216
129215
129217
129084
129278
129279
129281
129280
129295
129296
129294
129261
129338
129264
129384
129383
129381
129382
129314
129297
129378
129379
129392
129248
129443
129396
129446
129447
129978
129450
129449
129555
129554
129983
129483
129980
129981
129979
129451
129437
129985
129986
129987
129503
129502
129566
129565
129492
129491
129506
129837
129838
129520
129841
130002
129577
129887
129842
129678
129878
130012
129882
129667
129652
129668
129697
129881
130013
130014
129753
130642
129737
130199
129736
129754
129738
129654
129721
129745
129742
130643
129656
130647
130646
129969
129661
129918
129972
130272
129823
129852
130088
129943
129922
130093
129910
129911
130091
130125
130092
130089
130090
129945
129912
129946
129953
129952
130293
130126
129870
129871
129961
129960
130128
129875
130217
130141
130137
130139
130392
130393
130351
130174
130173
130179
130354
130257
130224
130353
130175
130352
130177
130176
130407
130357
130182
130808
130439
130229
130370
130402
130228
130438
130403
130401
130372
130809
130371
130250
130432
130376
130419
130377
130420
130811
130810
130868
130869
131286
131285
131118
130873
130526
130602
131119
130525
131120
130704
130531
130702
130529
130528
130527
131289
131293
131290
130741
130534
130536
130746
130770
130771
130588
131002
130589
130747
130594
130593
130785
130784
130932
130919
130774
130655
131015
130957
131148
130780
130779
130778
130777
131167
131142
130986
131349
130988
130991
130992
130989
131078
131301
131114
131115
131356
131266
131258
131270
131269
131388
131335
131360
131359
131411
131424
131446
131472
132122
131513
131937
132125
131652
132126
131631
131580
132801
131657
131594
131590
131591
132803
131945
131633
131634
131946
131588
131589
131635
131596
131597
131595
132808
131662
132811
131672
132810
131673
131675
132814
131734
131678
132362
131757
131924
131758
132361
132365
131681
131840
131961
132366
131927
131885
132367
132368
132053
131898
131841
131842
131965
131966
131888
132373
131973
131802
131974
132097
132100
132102
132382
132381
132113
132105
132103
132104
132106
132383
132384
132386
132385
132072
132387
132389
132391
132390
132496
132402
132431
132433
132525
132432
132430
132434
132435
132437
132590
132589
132591
132597
132714
132598
132662
132661
132772
132664
132727
132721
132722
132871
132691
133133
133074
132892
132893
132920
133076
132921
133138
133181
132898
133057
133058
133059
132899
133065
133063
133062
133061
133064
133068
133066
133600
132903
133067
133427
133606
133604
133359
133302
133379
133440
133365
133366
133476
134083
133782
133781
133668
133670
133784
133788
134031
133675
133812
133811
133678
134217
134220
134221
134219
134370
134553
134903
134904
134678
134906
134818
134792
134815
135039
134841
134843
134927
134929
134944
134931
134809
134859
134892
135055
135060
135062
135157
135489
135424
135425
135665
135458
135559
135464
135564
135579
135663
135580
135585
135654
135655
135972
135973
135975
135979
135977
136182
135737
136094
136093
136701
136192
136921
136357
136641
136924
136929
136758
136383
136424
136425
136431
137547
137546
136933
137083
136897
137113
138063
137173
137032
137281
138393
138162
138398
137732
138171
137722
137721
137570
137571
137729
137728
137963
137964
137962
138149
137966
137965
138317
138316
138318
138212
138453
138454
138425
138424
138551
138550
138932
138553
138608
138612
139995
138980
138984
138983
138982
139270
138995
139405
139290
139407
139406
139291
139139
139727
139651
139652
139345
139655
139654
139329
139679
139680
139546
140003
139869
139568
141066
140353
141069
141193
140094
140093
140092
139944
140360
141075
140002
141077
140213
140215
140214
140216
140217
140184
140657
140186
140656
140705
140224
141211
140427
140515
140514
140606
140575
140582
140577
141098
141118
142115
142114
141724
141775
141776
141858
142116
142293
142292
144817
142518
143169
144023
144141
143263
143137
143425
143424
143426
143715
143795
143428
144487
144516
143979
143718
144521
144577
144406
145028
145029
144525
144526
144659
144658
145246
144761
145247
144764
144763
144762
144766
144765
145627
145626
145625
145661
145632
145629
144879
145630
145634
144790
145631
145633
144789
145663
145107
144791
144889
145111
144874
144891
144954
144985
144955
144916
144956
144990
145099
145100
145098
145562
145122
144923
145103
145001
144924
144991
145559
145000
145123
144999
145031
145565
145125
145124
145274
145092
145361
145360
145128
145127
144980
145126
145129
145130
145053
145362
145118
145347
144982
145046
145051
145366
145134
145405
145370
145052
145179
145204
145203
145207
145183
145469
145184
145206
145205
145307
145374
145375
145237
145240
145470
145472
145358
145257
145322
145258
145643
145526
145401
145400
145503
145399
145506
145505
145485
145484
145481
145860
145483
145420
145508
145482
145488
145591
145423
145490
145489
145492
145491
145595
145582
145425
145583
145520
145569
145546
145570
145572
145598
145612
145849
145599
145850
145647
145646
145746
145788
145898
145787
145657
145756
145900
145668
145786
145721
145841
145840
145723
145798
145744
145728
146006
145811
145810
145812
145809
145731
146008
146578
145875
145913
146033
146034
145914
145958
146020
145947
145960
146042
146024
146023
146025
145949
145992
145979
145993
145968
146584
146585
146071
146072
146583
146582
145997
146586
146075
146074
146076
146026
146027
146161
146159
146168
146170
146093
146169
146130
146094
146125
146280
146186
146167
146101
146132
146188
146210
146118
146217
